1200
time(s) u(m/s) v(m/s) w(m/s)
0	-8.46	-0.166	-1.731
0.05	-8.89	-0.407	-1.651
0.1	-8.57	-0.384	-1.94
0.15	-8.4	-0.179	-1.849
0.2	-8.2	0.168	-2.232
0.25	-8.12	0.223	-2.213
0.3	-8.39	0.203	-2.113
0.35	-8.07	0.587	-2.012
0.4	-8.79	0.282	-1.572
0.45	-8.54	0.363	-1.702
0.5	-8.16	0.725	-1.908
0.55	-8.48	0.361	-1.916
0.6	-8.76	0.282	-1.803
0.65	-8.83	0.214	-1.734
0.7	-8.37	0.404	-1.83
0.75	-8.94	0.124	-1.572
0.8	-9.01	0.077	-1.522
0.85	-8.92	0.271	-1.513
0.9	-8.7	0.5	-1.707
0.95	-8.65	0.518	-1.65
1	-8.59	0.535	-1.816
1.05	-9	0.307	-1.701
1.1	-8.88	0.417	-1.755
1.15	-9.02	0.18	-1.827
1.2	-8.96	0.301	-1.817
1.25	-9.29	0.151	-1.731
1.3	-8.85	0.338	-1.92
1.35	-9.33	0.18	-1.909
1.4	-8.87	0.434	-2.166
1.45	-9.5	0.05	-1.963
1.5	-9.38	0.163	-1.987
1.55	-9.19	0.239	-2.08
1.6	-9.01	0.212	-2.106
1.65	-9.3	0.275	-1.992
1.7	-9.44	0.186	-1.82
1.75	-9.39	0.354	-1.843
1.8	-9.09	0.6	-1.965
1.85	-9.43	0.38	-2.024
1.9	-9.43	0.252	-1.947
1.95	-9.62	0.208	-1.927
2	-9.48	0.146	-1.869
2.05	-9.37	0.268	-1.965
2.1	-9.61	0.332	-1.838
2.15	-9.68	0.415	-1.921
2.2	-9.07	0.504	-2.065
2.25	-9.2	0.548	-2.009
2.3	-9.46	0.306	-2.013
2.35	-9.73	0.213	-2.108
2.4	-9.38	0.52	-2.218
2.45	-9.13	0.711	-2.288
2.5	-9.48	0.3	-2.336
2.55	-9.2	0.133	-2.265
2.6	-9.3	0.025	-2.327
2.65	-9.13	-0.09	-2.29
2.7	-9.04	0.174	-2.172
2.75	-9.06	0.198	-2.241
2.8	-9.32	0.059	-2.342
2.85	-9.54	-0.103	-2.232
2.9	-9.26	0.086	-2.248
2.95	-9.44	-0.105	-2.261
3	-9.11	0.191	-2.443
3.05	-9.46	-0.124	-2.275
3.1	-9.45	0.115	-2.216
3.15	-9.66	0.091	-2.157
3.2	-9.64	0.008	-2.237
3.25	-9.14	0.138	-2.333
3.3	-9.48	0.044	-2.404
3.35	-9.34	0.111	-2.41
3.4	-9.48	0.319	-2.358
3.45	-9.48	-0.12	-2.352
3.5	-9.76	0.17	-2.172
3.55	-9.26	0.499	-2.541
3.6	-9.6	0.417	-2.485
3.65	-9.29	0.546	-2.581
3.7	-9.5	0.782	-2.605
3.75	-9.27	1.052	-2.392
3.8	-9.06	1.093	-2.609
3.85	-9.6	0.878	-2.386
3.9	-9.58	0.898	-2.557
3.95	-9.03	1.207	-2.652
4	-9.35	1.234	-2.534
4.05	-9.58	1.312	-2.392
4.1	-9.62	1.625	-2.38
4.15	-9.42	1.646	-2.519
4.2	-9.48	1.295	-1.949
4.25	-9.21	1.673	-1.915
4.3	-9.53	1.683	-1.79
4.35	-9.23	1.997	-1.797
4.4	-9.38	1.814	-2.218
4.45	-9.19	1.619	-2.043
4.5	-9.35	1.398	-1.638
4.55	-9.77	1.406	-1.815
4.6	-9.24	0.458	-2.012
4.65	-9.05	0.389	-2.179
4.7	-9.57	0.79	-2.233
4.75	-9.03	1.012	-2.778
4.8	-9.05	0.782	-2.701
4.85	-9.07	0.685	-2.914
4.9	-9.29	0.64	-2.921
4.95	-9.14	0.528	-2.869
5	-9.33	0.507	-2.726
5.05	-9.39	0.226	-2.52
5.1	-8.73	0.59	-2.617
5.15	-9	0.343	-2.75
5.2	-9.03	0.246	-2.88
5.25	-9.22	0.186	-2.779
5.3	-9.04	0.1	-2.693
5.35	-8.92	0.218	-2.796
5.4	-9.17	0.267	-2.977
5.45	-8.77	0.4	-3.069
5.5	-9	0.295	-3.11
5.55	-8.79	0.207	-3.279
5.6	-8.99	0.093	-2.977
5.65	-9.88	0.199	-3.067
5.7	-9.35	0.175	-3.118
5.75	-9.83	0.789	-3.057
5.8	-9.6	0.577	-3.125
5.85	-9.42	1.176	-3.261
5.9	-9.72	0.621	-3.336
5.95	-9.32	0.597	-3.249
6	-8.93	1.089	-3.37
6.05	-9.74	0.937	-2.834
6.1	-9.68	1.004	-2.982
6.15	-9.74	1.005	-3.046
6.2	-10.27	1.139	-3.014
6.25	-9.32	0.705	-3.381
6.3	-9.81	1.021	-3.184
6.35	-10.23	0.462	-2.922
6.4	-10.2	0.29	-2.719
6.45	-9.95	0.761	-2.71
6.5	-9.9	0.706	-2.83
6.55	-9.91	1.046	-2.699
6.6	-9.43	0.531	-3.215
6.65	-10.32	0.052	-2.504
6.7	-10.71	-0.16	-2.165
6.75	-10.04	-0.187	-2.5
6.8	-9.95	-0.23	-2.625
6.85	-10.05	-0.299	-2.49
6.9	-9.8	-0.006	-2.541
6.95	-10.14	-0.324	-2.602
7	-9.91	-0.334	-3.283
7.05	-9.36	-0.219	-2.907
7.1	-9.52	-0.133	-2.858
7.15	-9.57	0.068	-2.765
7.2	-9.78	-0.156	-2.736
7.25	-9.79	-0.21	-2.733
7.3	-9.75	-0.093	-2.462
7.35	-10.32	-0.043	-2.415
7.4	-10.22	-0.363	-2.489
7.45	-9.49	-0.033	-2.761
7.5	-9.22	-0.042	-2.755
7.55	-9.68	-0.285	-2.308
7.6	-9.4	0.293	-2.495
7.65	-9.31	0.264	-2.679
7.7	-9.65	-0.007	-2.585
7.75	-9.32	0.154	-3.03
7.8	-9.36	0.046	-2.961
7.85	-9.36	0.145	-2.76
7.9	-8.7	-0.088	-3.365
7.95	-9.3	0.093	-3.48
8	-9.29	-0.746	-3.707
8.05	-9.66	-0.786	-3.28
8.1	-9.63	-0.918	-2.922
8.15	-9.69	-0.711	-3.035
8.2	-9.54	-0.143	-2.75
8.25	-9.42	-0.005	-2.824
8.3	-9.38	-0.433	-2.718
8.35	-8.98	0.061	-2.891
8.4	-9.38	0.159	-2.826
8.45	-9.21	-0.133	-2.907
8.5	-9.32	0.158	-2.828
8.55	-9.41	0.135	-3.046
8.6	-9.74	-0.243	-3.031
8.65	-9.63	-0.26	-3.357
8.7	-9.78	-0.646	-3.264
8.75	-9.9	-0.674	-3.315
8.8	-9.9	-0.536	-3.335
8.85	-9.21	-0.468	-3.619
8.9	-9.8	-0.524	-3.68
8.95	-9.73	-0.768	-3.666
9	-10.14	-0.673	-3.712
9.05	-10.52	-0.249	-3.736
9.1	-9.87	-0.775	-3.844
9.15	-9.94	-0.947	-3.54
9.2	-9.79	-0.769	-3.483
9.25	-9.98	-0.795	-3.331
9.3	-9.83	-0.913	-3.448
9.35	-9.57	-0.81	-3.167
9.4	-9.75	-0.743	-3.172
9.45	-9.24	-0.729	-3.098
9.5	-10.09	-0.648	-2.49
9.55	-10.1	-0.946	-3.033
9.6	-10.2	-1.078	-2.911
9.65	-10.24	-1.164	-3.318
9.7	-10.26	-0.939	-3.621
9.75	-9.97	-1.387	-3.524
9.8	-9.91	-1.184	-2.834
9.85	-9.55	-1.365	-2.633
9.9	-9.43	-1.615	-2.464
9.95	-9.53	-1.935	-2.443
10	-9.66	-1.472	-2.589
10.05	-9.57	-1.566	-2.5
10.1	-9.62	-1.259	-2.69
10.15	-9.33	-1.335	-2.928
10.2	-9.31	-1.652	-2.649
10.25	-9.25	-2.045	-2.786
10.3	-9.24	-1.862	-2.222
10.35	-9.22	-0.898	-2.539
10.4	-9.1	-1.018	-1.69
10.45	-8.76	-1.159	-2.179
10.5	-8.71	-1.036	-2.284
10.55	-8.66	-1.073	-2.231
10.6	-8.64	-1.186	-2.326
10.65	-8.79	-1.26	-2.124
10.7	-8.71	-1.166	-1.814
10.75	-8.3	-1.23	-1.764
10.8	-8.24	-1.073	-1.308
10.85	-8.04	-0.906	-0.885
10.9	-8.29	-0.488	-0.858
10.95	-8.23	-0.348	-1.241
11	-8.8	-0.93	-1.025
11.05	-8.58	-1.07	-0.404
11.1	-8.51	-0.306	-0.284
11.15	-8.68	-1.223	-1.095
11.2	-8.32	-1.205	-0.556
11.25	-8.37	-0.766	-1.325
11.3	-8.38	-1.279	-1.219
11.35	-8.58	-1.241	-1.355
11.4	-8.83	-1.27	-1.239
11.45	-8.88	-1.36	-1.301
11.5	-8.68	-1.306	-1.09
11.55	-8.97	-1.701	-1.01
11.6	-8.99	-1.801	-1.154
11.65	-9.17	-1.721	-1.106
11.7	-9.34	-1.471	-1.195
11.75	-9.16	-1.483	-1.427
11.8	-9.19	-1.487	-1.255
11.85	-9.1	-1.446	-1.344
11.9	-9.31	-1.379	-1.308
11.95	-9.22	-1.438	-1.184
12	-9.36	-1.897	-0.776
12.05	-9.69	-1.638	-0.875
12.1	-10.02	-1.368	-1.073
12.15	-10	-1.574	-1.137
12.2	-9.8	-1.737	-1.419
12.25	-9.78	-1.491	-1.43
12.3	-9.99	-1.135	-1.534
12.35	-9.8	-1.505	-2.009
12.4	-10.24	-1.649	-1.959
12.45	-10.3	-0.525	-1.713
12.5	-10.55	-1.015	-1.586
12.55	-9.76	-1.076	-2.19
12.6	-9.86	-1.11	-1.434
12.65	-9.52	-0.576	-1.445
12.7	-9.59	-0.583	-1.559
12.75	-9.92	-0.356	-1.461
12.8	-9.9	-0.398	-1.773
12.85	-10.25	-1.663	-0.826
12.9	-10.75	-0.505	-0.718
12.95	-10.12	-0.669	-1.068
13	-10.31	-1.209	-0.782
13.05	-10.27	-1.006	-0.77
13.1	-10.45	-0.886	-0.917
13.15	-10.37	-0.892	-0.814
13.2	-10.21	-0.868	-0.862
13.25	-9.8	-0.464	-0.953
13.3	-10.07	-0.806	-0.763
13.35	-10.29	-0.817	-0.833
13.4	-10.37	-0.166	-0.604
13.45	-10.48	-0.116	-0.678
13.5	-9.81	-0.409	-0.814
13.55	-10.21	-0.305	-0.658
13.6	-9.37	-0.713	-1.433
13.65	-9.64	-0.303	-1.716
13.7	-9.91	-0.613	-1.752
13.75	-9.98	-0.592	-1.705
13.8	-9.66	0.007	-1.614
13.85	-9.39	-0.361	-2.118
13.9	-9.48	-0.507	-1.784
13.95	-9.39	-0.581	-1.685
14	-9.08	-0.46	-1.654
14.05	-8.92	-0.211	-1.517
14.1	-8.72	-0.473	-1.63
14.15	-9.55	-0.534	-1.301
14.2	-9.83	-0.663	-1.327
14.25	-9.86	-1.033	-1.503
14.3	-9.18	-0.779	-2.077
14.35	-9.65	-0.884	-1.933
14.4	-9.72	-0.906	-1.899
14.45	-9.51	-0.754	-2.021
14.5	-9.07	-0.485	-2.057
14.55	-8.79	-0.988	-1.938
14.6	-8.98	-0.506	-2.311
14.65	-8.44	-0.064	-2.273
14.7	-8.7	0.241	-2.701
14.75	-8.53	0.854	-2.88
14.8	-9.68	0.16	-2.51
14.85	-9.21	0.462	-2.648
14.9	-9.64	-0.215	-2.179
14.95	-9.29	-0.649	-1.994
15	-9.56	-0.571	-2.026
15.05	-9.17	-0.262	-2.477
15.1	-9.75	-0.489	-2.228
15.15	-9.57	-0.462	-2.156
15.2	-9.56	-0.459	-2.295
15.25	-9.15	-0.834	-1.577
15.3	-9.31	-0.353	-1.188
15.35	-9.77	-0.297	-0.851
15.4	-8.76	1.431	-1.037
15.45	-8.73	1.122	-1.488
15.5	-8.76	0.84	-1.584
15.55	-8.46	1.201	-1.678
15.6	-8.39	1.479	-2.291
15.65	-8.37	0.735	-2.136
15.7	-8.33	0.879	-1.798
15.75	-8.67	1.615	-1.124
15.8	-8.42	2.689	-0.95
15.85	-8.29	2.005	-0.38
15.9	-8.15	1.19	-0.738
15.95	-7.648	0.881	-1.31
16	-7.756	0.635	-1.46
16.05	-7.49	0.51	-1.331
16.1	-7.763	0.811	-1.158
16.15	-7.232	0.783	-1.12
16.2	-7.187	0.888	-1.053
16.25	-7.343	0.845	-1.303
16.3	-7.38	0.252	-1.399
16.35	-7.366	0.527	-1.371
16.4	-6.934	0.274	-1.657
16.45	-7.205	0.339	-1.593
16.5	-6.916	0.202	-2.125
16.55	-6.858	-0.076	-2.265
16.6	-6.426	0.095	-2.206
16.65	-6.487	-0.061	-2.32
16.7	-6.241	0.306	-2.667
16.75	-6.25	0.992	-2.545
16.8	-6.721	1.306	-1.931
16.85	-6.535	1.186	-2.148
16.9	-6.666	1.182	-2.427
16.95	-6.644	1.182	-2.524
17	-7.044	0.854	-3.065
17.05	-7.022	0.01	-2.708
17.1	-7.525	-0.244	-2.615
17.15	-7.687	-0.133	-2.712
17.2	-7.711	-0.17	-2.775
17.25	-7.897	-0.338	-2.771
17.3	-8.26	-0.211	-3.053
17.35	-7.765	-0.51	-2.927
17.4	-8.5	-0.057	-3.17
17.45	-8.17	-0.287	-3.316
17.5	-7.849	-0.142	-3.296
17.55	-8.23	-0.701	-3.626
17.6	-8.58	-0.75	-3.752
17.65	-8.25	-0.843	-3.407
17.7	-8.99	-0.717	-3.183
17.75	-8.08	-1.038	-3.629
17.8	-8.5	-1.073	-3.334
17.85	-8.74	-0.786	-3.32
17.9	-8.44	-0.745	-3.291
17.95	-8.93	-0.684	-3.373
18	-8.6	-0.797	-3.514
18.05	-8.65	-0.813	-3.402
18.1	-8.93	-0.757	-3.361
18.15	-8.72	-0.753	-3.173
18.2	-8.62	-1.075	-3.542
18.25	-8.51	-0.885	-3.226
18.3	-8.04	-0.715	-3.278
18.35	-8.16	-0.675	-3.262
18.4	-8.12	-0.368	-3.294
18.45	-7.874	-0.018	-3.348
18.5	-8.49	-0.363	-3.175
18.55	-8.31	0.134	-3.104
18.6	-8.64	-0.081	-3.216
18.65	-8.82	0.118	-3.378
18.7	-8.85	0.341	-3.485
18.75	-8.93	0.022	-3.203
18.8	-8.99	-0.223	-3.468
18.85	-8.96	-0.299	-3.529
18.9	-8.98	-0.062	-3.351
18.95	-9.12	-0.039	-3.328
19	-9.1	0.423	-3.319
19.05	-8.98	0.493	-3.33
19.1	-8.93	0.679	-3.052
19.15	-8.94	0.79	-3.408
19.2	-8.9	-0.124	-3.538
19.25	-8.86	-0.13	-3.051
19.3	-8.84	-0.316	-2.76
19.35	-8.5	0.073	-2.795
19.4	-8.65	-0.288	-2.989
19.45	-8.57	-0.886	-3.258
19.5	-9.04	-0.623	-2.815
19.55	-8.78	-0.454	-2.45
19.6	-9.01	-1.097	-2.187
19.65	-9.2	0.257	-1.906
19.7	-8.9	0.561	-1.593
19.75	-9.01	0.485	-1.563
19.8	-9.46	-0.125	-1.438
19.85	-9.54	0.065	-1.705
19.9	-9.93	-0.17	-1.695
19.95	-9.78	-0.502	-2.093
20	-9.6	-0.261	-2.157
20.05	-9.46	-0.086	-2.263
20.1	-10.14	-0.612	-1.968
20.15	-10.12	0.177	-1.946
20.2	-9.62	0.195	-2.213
20.25	-9.68	-0.467	-2.125
20.3	-9.49	-0.496	-2.138
20.35	-9.27	-0.702	-1.729
20.4	-9.66	-0.61	-1.964
20.45	-9.71	-0.496	-1.634
20.5	-9.38	-0.214	-1.997
20.55	-9.16	0.315	-1.789
20.6	-8.56	0.249	-1.677
20.65	-8.48	0.221	-1.714
20.7	-8.5	0.088	-1.603
20.75	-8.94	-0.039	-1.342
20.8	-9.19	-0.314	-1.448
20.85	-9	-0.16	-1.118
20.9	-9.45	-0.363	-1.298
20.95	-9.19	-0.594	-1.169
21	-8.85	-0.491	-1.371
21.05	-9.08	-0.872	-1.402
21.1	-8.96	-0.675	-1.437
21.15	-9.19	-0.966	-1.661
21.2	-8.74	-0.825	-1.532
21.25	-8.98	-0.83	-1.534
21.3	-9.29	-1.067	-1.477
21.35	-9.33	-0.864	-1.257
21.4	-9.24	-0.797	-1.303
21.45	-9.16	-1.035	-1.343
21.5	-9.37	-1.103	-1.506
21.55	-9.68	-1.293	-1.504
21.6	-9.32	-0.905	-1.529
21.65	-9.55	-1.335	-1.564
21.7	-9.39	-1.127	-1.274
21.75	-8.96	-1.682	-1.044
21.8	-8.26	-2.805	-0.415
21.85	-8.28	-2.646	-1.162
21.9	-8.08	-2.339	-1.465
21.95	-8.38	-2.35	-1.65
22	-8.29	-2.47	-2.032
22.05	-8.13	-2.294	-1.949
22.1	-8.4	-2.269	-1.671
22.15	-8.3	-1.876	-1.704
22.2	-8.03	-2.418	-1.211
22.25	-7.761	-1.156	-0.859
22.3	-7.269	-1.846	-0.96
22.35	-6.721	-2.421	-0.852
22.4	-6.709	-1.778	-0.285
22.45	-7.09	-1.809	-0.58
22.5	-7.407	-1.755	-0.184
22.55	-7.918	-0.74	-0.351
22.6	-7.748	-1.104	-0.134
22.65	-7.148	-0.315	-0.215
22.7	-7.698	0.32	0.067
22.75	-7.113	-0.153	0.151
22.8	-7.021	-0.164	-0.065
22.85	-6.917	-1.127	-0.415
22.9	-7.192	-1.105	-0.27
22.95	-7.73	-1.799	-0.399
23	-7.937	-2.012	-0.536
23.05	-7.512	-2.167	-0.204
23.1	-7.388	-2.062	-0.174
23.15	-7.576	-1.899	-0.11
23.2	-7.978	-1.895	0.012
23.25	-7.133	-2.14	0.307
23.3	-7.365	-1.817	0.454
23.35	-6.678	-1.433	0.35
23.4	-6.643	-1.637	0.257
23.45	-6.788	-1.701	-0.174
23.5	-6.771	-2.048	0.097
23.55	-7.086	-1.334	-0.588
23.6	-7.663	-0.632	-0.617
23.65	-7.576	0.025	-0.415
23.7	-7.201	-0.673	-0.576
23.75	-7.292	-0.549	-0.26
23.8	-6.702	-0.946	0.035
23.85	-7.11	-0.396	-0.416
23.9	-7.958	-0.357	0.134
23.95	-7.999	-0.377	-0.147
24	-8.01	-0.658	-0.1
24.05	-8.47	-0.07	-0.17
24.1	-8.45	-0.411	-0.082
24.15	-8.17	-0.564	-0.021
24.2	-8.57	-0.835	-0.413
24.25	-8.31	-0.888	-0.351
24.3	-8.39	-0.802	-0.159
24.35	-8.5	-0.483	-0.513
24.4	-8.5	-0.506	-0.489
24.45	-8.95	-0.265	-0.852
24.5	-9.11	-0.107	-0.746
24.55	-9.03	-0.318	-0.557
24.6	-8.89	-0.352	-0.309
24.65	-9.24	0.236	-0.934
24.7	-9.73	-0.275	-1.012
24.75	-10.04	0.182	-1.669
24.8	-9.29	1.302	-2.633
24.85	-9.7	1.104	-2.959
24.9	-9.33	0.483	-2.528
24.95	-8.91	0.938	-2.578
25	-8.76	0.908	-2.476
25.05	-8.94	0.652	-2.638
25.1	-8.96	0.784	-2.109
25.15	-8.89	1.11	-2.034
25.2	-7.944	0.158	-2.345
25.25	-8.06	0.936	-2.545
25.3	-8.06	0.32	-2.415
25.35	-8.18	0.44	-1.734
25.4	-8.52	0.726	-1.451
25.45	-8.72	0.592	-0.948
25.5	-8.23	0.744	-1.389
25.55	-9.56	0.287	-0.731
25.6	-8.82	0.073	-1.426
25.65	-9.24	-0.394	-1.506
25.7	-9.29	0.684	-2.174
25.75	-8.75	0.403	-2.232
25.8	-8.96	0.552	-1.917
25.85	-8.48	-0.639	-1.857
25.9	-8.28	-0.115	-1.316
25.95	-7.94	-0.419	-1.444
26	-8.01	-0.468	-1.479
26.05	-7.82	-0.33	-1.557
26.1	-7.992	-0.58	-1.385
26.15	-7.983	-0.425	-1.265
26.2	-8.01	-0.24	-1.442
26.25	-8.17	-0.261	-1.38
26.3	-7.811	-0.197	-1.424
26.35	-8.01	-0.282	-1.456
26.4	-7.648	-0.393	-1.283
26.45	-8.52	-0.19	-1.113
26.5	-8.06	0.43	-1.878
26.55	-7.869	0.021	-1.865
26.6	-7.52	-0.267	-1.937
26.65	-7.015	0.455	-1.92
26.7	-6.807	-0.052	-2.096
26.75	-6.691	-0.526	-1.918
26.8	-6.884	-0.541	-1.797
26.85	-7.197	-0.828	-2.026
26.9	-7.077	-0.518	-2.31
26.95	-6.982	-0.809	-2.315
27	-7.102	-0.972	-2.439
27.05	-6.903	-1.481	-2.846
27.1	-6.833	-1.728	-2.565
27.15	-7.208	-0.934	-1.424
27.2	-6.888	-0.81	-1.124
27.25	-6.391	-1.166	-0.836
27.3	-6.531	-1.453	-0.481
27.35	-6.467	-1.546	-0.384
27.4	-6.539	-1.666	-0.366
27.45	-6.908	-1.659	0.018
27.5	-7.328	-1.737	-0.367
27.55	-7.277	-1.457	0.457
27.6	-7.917	-1.476	-0.31
27.65	-7.395	-1.121	-0.304
27.7	-7.327	-1.424	-0.407
27.75	-7.331	-1.036	-0.413
27.8	-7.21	-1.202	-0.297
27.85	-7.124	-1.573	-0.284
27.9	-7.392	-1.016	-0.721
27.95	-6.871	-1.125	-1.268
28	-6.344	-1.331	-0.842
28.05	-6.558	-1.702	-0.491
28.1	-6.22	-1.737	-0.47
28.15	-6.802	-1.479	-0.659
28.2	-6.373	-1.241	-0.652
28.25	-6.433	-1.234	-0.754
28.3	-6.088	-1.128	-0.917
28.35	-6.401	-1.171	-1.135
28.4	-6.422	-1.191	-1.285
28.45	-6.535	-0.914	-1.34
28.5	-6.581	-1.248	-1.164
28.55	-7.081	-0.63	-0.836
28.6	-7.222	-0.305	-0.718
28.65	-8.12	-0.574	-0.73
28.7	-7.291	0.127	-1.423
28.75	-6.992	0.232	-1.213
28.8	-7.209	-0.315	-1.059
28.85	-7.209	-0.399	-0.738
28.9	-7.178	-0.871	-0.403
28.95	-7.003	-1.077	-0.315
29	-7.457	-1.48	-0.004
29.05	-7.668	-1.612	-0.141
29.1	-8.15	-1.587	-0.357
29.15	-7.802	-1.981	0.106
29.2	-7.718	-1.647	0.285
29.25	-7.956	-1.832	0.236
29.3	-7.544	-2.164	0.575
29.35	-7.88	-1.935	0.261
29.4	-7.921	-0.75	0.39
29.45	-7.881	-1.578	0.305
29.5	-7.236	-1.364	0.376
29.55	-7.169	-1.475	0.15
29.6	-7.23	-1.456	-0.231
29.65	-7.295	-1.091	-0.173
29.7	-7.315	-1.459	0.051
29.75	-7.526	-1.464	-0.005
29.8	-7.544	-2.079	0.107
29.85	-7.81	-2.088	0.148
29.9	-7.503	-1.708	-0.329
29.95	-7.216	-1.948	-0.212
30	-7.294	-1.785	-0.041
30.05	-7.49	-1.905	-0.171
30.1	-7.532	-2.037	0.11
30.15	-7.752	-1.555	-0.133
30.2	-7.79	-1.266	-0.224
30.25	-8.32	-1.442	-0.509
30.3	-7.692	-0.881	-1.206
30.35	-7.275	-0.631	-1.618
30.4	-7.754	-1.2	-1.563
30.45	-7.915	-1.135	-1.23
30.5	-7.993	-1.332	-1.33
30.55	-7.626	-1.542	-1.682
30.6	-8.04	-1.649	-1.161
30.65	-8.58	-2.605	-0.216
30.7	-7.917	-3.055	-0.332
30.75	-7.612	-2.955	-0.332
30.8	-7.51	-3.019	-0.446
30.85	-7.708	-3.051	-1.029
30.9	-7.915	-3.293	-0.698
30.95	-7.66	-3.338	-0.625
31	-7.724	-3.251	-0.932
31.05	-7.695	-3.258	-1.078
31.1	-8.14	-2.7	-1.318
31.15	-8.54	-2.12	-1.028
31.2	-8.12	-2.612	-1.197
31.25	-7.622	-2.409	-1.428
31.3	-8.31	-2.809	-1.636
31.35	-8.68	-3.091	-1.881
31.4	-8.1	-3.051	-1.66
31.45	-7.816	-2.863	-1.6
31.5	-6.8	-2.344	-1.962
31.55	-7.266	-0.865	-1.762
31.6	-7.43	-0.798	-1.769
31.65	-7.626	-0.778	-1.871
31.7	-7.729	-0.828	-1.874
31.75	-7.81	-0.742	-1.618
31.8	-7.894	-0.948	-1.731
31.85	-8.12	-1.123	-1.552
31.9	-8.35	-0.885	-1.641
31.95	-8.68	-1.055	-1.406
32	-8.26	-0.602	-1.386
32.05	-7.845	-0.876	-1.344
32.1	-7.572	-0.761	-1.475
32.15	-7.689	-0.584	-1.585
32.2	-8.04	-1.514	-1.841
32.25	-8.69	-1.607	-1.947
32.3	-8.22	-0.613	-2.151
32.35	-8.37	-0.706	-1.859
32.4	-8.66	-1.169	-1.806
32.45	-8.36	-1.078	-1.862
32.5	-7.909	-1.397	-2.199
32.55	-7.672	-1.397	-2.288
32.6	-7.907	-1.259	-2.483
32.65	-8	-1.017	-2.287
32.7	-8.28	-1.214	-2.309
32.75	-8.33	-0.992	-2.415
32.8	-7.791	-1.234	-2.42
32.85	-8.32	-1.44	-2.29
32.9	-8.26	-1.445	-2.377
32.95	-7.736	-1.093	-2.301
33	-7.804	-0.985	-2.415
33.05	-7.935	-0.919	-2.559
33.1	-8.06	-1.625	-2.639
33.15	-8.29	-1.71	-2.493
33.2	-8.3	-1.598	-2.189
33.25	-8.21	-1.192	-2.262
33.3	-8.15	-1.311	-2.224
33.35	-8.32	-1.22	-2.179
33.4	-8.21	-1.368	-2.173
33.45	-8.09	-1.294	-2.236
33.5	-7.816	-1.294	-2.233
33.55	-7.602	-1.248	-2.057
33.6	-7.8	-1.289	-2.06
33.65	-7.932	-0.611	-2.612
33.7	-7.542	-0.973	-2.506
33.75	-7.398	-1.41	-2.405
33.8	-7.22	-1.058	-2.395
33.85	-7.733	-0.818	-2.587
33.9	-7.86	-1.091	-2.342
33.95	-7.438	-1.259	-1.686
34	-7.905	-1.01	-1.446
34.05	-7.512	-0.181	-1.241
34.1	-7.87	-0.649	-1.316
34.15	-7.546	-0.731	-1.7
34.2	-7.954	-0.329	-1.178
34.25	-7.621	-0.032	-0.914
34.3	-7.649	-0.054	-0.91
34.35	-7.54	-0.095	-1.195
34.4	-7.287	-0.23	-0.995
34.45	-7.685	0.366	-1.139
34.5	-7.466	-0.326	-1.122
34.55	-7.284	-0.305	-1.345
34.6	-7.557	-1.003	-1.143
34.65	-7.847	-0.815	-1.33
34.7	-8.07	-0.624	-0.951
34.75	-8.2	-0.259	-0.938
34.8	-8.49	-0.603	-0.468
34.85	-7.946	-0.13	-0.624
34.9	-8.21	-0.262	-0.497
34.95	-7.843	-0.151	-0.369
35	-7.579	-0.563	-0.305
35.05	-7.462	-0.529	-0.404
35.1	-7.573	-0.599	-0.169
35.15	-7.534	-1.084	-0.238
35.2	-7.659	-1.167	-0.621
35.25	-7.785	-1.124	-0.322
35.3	-7.711	-1.094	-0.495
35.35	-8.2	-1.032	-0.204
35.4	-8.17	-1.141	-0.412
35.45	-8.56	-1.425	-0.642
35.5	-8.76	-0.469	-1.119
35.55	-8.74	-0.891	-1.267
35.6	-8.41	-0.653	-0.928
35.65	-8.12	-0.635	-0.527
35.7	-7.997	-0.678	-1.287
35.75	-8.34	-0.016	-0.535
35.8	-8.23	-0.044	-0.883
35.85	-7.855	-0.127	-0.478
35.9	-8.44	-0.274	-0.774
35.95	-8.19	-0.247	-0.52
36	-7.319	-0.31	-0.662
36.05	-7.473	-0.632	-0.516
36.1	-7.513	-0.523	-0.699
36.15	-8.2	-0.691	-0.711
36.2	-8.23	-0.388	-0.637
36.25	-8.2	-0.751	-0.766
36.3	-7.857	-0.465	-0.799
36.35	-8.05	-0.353	-0.968
36.4	-8.54	-0.207	-0.89
36.45	-8.61	-0.262	-0.874
36.5	-8.11	-0.634	-0.822
36.55	-7.795	-0.12	-0.473
36.6	-7.899	0.384	-0.462
36.65	-7.308	0.195	-0.112
36.7	-7.32	0.26	0.417
36.75	-7.577	0.06	0.112
36.8	-8.17	0.403	-0.062
36.85	-8	0.766	-0.202
36.9	-7.946	0.858	-0.163
36.95	-7.445	1.481	-0.262
37	-7.424	1.441	-0.574
37.05	-7.496	1.391	-0.611
37.1	-7.264	1.206	-0.649
37.15	-7.278	1.469	-0.58
37.2	-7.47	1.365	-0.44
37.25	-7.436	1.301	-0.739
37.3	-7.315	1.562	-0.785
37.35	-7.355	1.837	-0.596
37.4	-7.5	1.242	-0.511
37.45	-7.311	1.374	-0.61
37.5	-7.295	1.132	-0.586
37.55	-7.302	1.124	-0.848
37.6	-7.669	1.159	-0.712
37.65	-7.656	1.255	-0.65
37.7	-7.675	1.407	-0.769
37.75	-7.68	1.389	-0.695
37.8	-7.565	1.164	-1.072
37.85	-7.715	1.552	-1.019
37.9	-7.727	1.659	-0.932
37.95	-7.824	1.827	-0.987
38	-7.962	1.954	-0.984
38.05	-8.04	1.859	-1.201
38.1	-8.23	1.496	-1.113
38.15	-8	1.608	-1.496
38.2	-8.08	1.521	-1.413
38.25	-8.18	1.441	-1.463
38.3	-8.14	1.309	-1.617
38.35	-8.21	1.427	-1.578
38.4	-7.932	1.429	-1.588
38.45	-8.01	1.341	-1.721
38.5	-8.26	1.192	-1.878
38.55	-8.08	1.518	-1.946
38.6	-8.29	1.342	-1.644
38.65	-8.64	1.659	-1.95
38.7	-8.76	1.126	-1.733
38.75	-8.28	0.905	-1.471
38.8	-8.11	0.795	-1.877
38.85	-7.867	0.935	-1.518
38.9	-8.09	1.032	-1.551
38.95	-8.31	0.803	-1.601
39	-7.684	0.94	-1.703
39.05	-7.486	1.222	-1.635
39.1	-8.01	1.168	-1.702
39.15	-8.03	1.217	-1.68
39.2	-8.12	1.299	-1.896
39.25	-8.13	1.02	-1.936
39.3	-7.964	0.483	-2.487
39.35	-8.29	0.707	-2.082
39.4	-7.935	1.24	-1.962
39.45	-8.36	1.537	-2.058
39.5	-8.65	1.732	-2.021
39.55	-7.878	1.238	-2.98
39.6	-7.92	0.921	-3.264
39.65	-7.777	0.408	-3.252
39.7	-7.785	0.829	-2.775
39.75	-7.812	0.611	-3.142
39.8	-8.12	0.598	-2.867
39.85	-8.03	0.688	-2.516
39.9	-9	-0.007	-2.376
39.95	-8.91	1.239	-2.684
40	-8.86	1.693	-2.401
40.05	-8.26	1.266	-1.98
40.1	-8.28	1.344	-1.866
40.15	-8.36	1.352	-1.926
40.2	-8.59	0.855	-2.351
40.25	-8.56	1.061	-1.828
40.3	-8.5	1.452	-1.955
40.35	-8.45	1.277	-2.33
40.4	-8.69	1.467	-2.227
40.45	-8.62	1.129	-2.462
40.5	-8.22	0.797	-2.276
40.55	-7.855	1.08	-2.579
40.6	-8.19	0.548	-2.754
40.65	-8.56	0.888	-2.671
40.7	-8.29	0.334	-2.681
40.75	-8.38	1.141	-2.63
40.8	-8.3	1.241	-2.538
40.85	-8.09	0.463	-2.267
40.9	-8.13	0.937	-2.752
40.95	-8.61	1.074	-2.685
41	-8.32	0.601	-2.384
41.05	-9.02	0.719	-1.806
41.1	-9.24	0.788	-1.825
41.15	-8.75	0.76	-2.068
41.2	-9.03	0.889	-2.016
41.25	-8.76	1.291	-2.263
41.3	-9.02	1.027	-2.092
41.35	-8.96	0.72	-2.228
41.4	-8.48	1.242	-2.383
41.45	-9.05	1.035	-2.006
41.5	-9.14	0.811	-2.16
41.55	-8.69	1.091	-2.349
41.6	-9.05	0.933	-2.299
41.65	-8.77	1.2	-2.458
41.7	-8.59	0.995	-2.415
41.75	-8.66	1.207	-2.313
41.8	-8.71	1.295	-2.222
41.85	-8.87	0.961	-2.323
41.9	-9.01	0.968	-2.346
41.95	-8.52	1.021	-2.335
42	-9.2	0.759	-2.137
42.05	-9.15	0.951	-2.244
42.1	-9.24	0.93	-2.205
42.15	-9.36	0.876	-2.317
42.2	-8.88	0.686	-2.405
42.25	-9.18	0.624	-1.996
42.3	-8.74	0.555	-2.245
42.35	-8.87	0.339	-2.448
42.4	-8.8	0.411	-2.358
42.45	-8.86	0.503	-2.282
42.5	-9.12	0.604	-2.032
42.55	-9.19	0.668	-2.411
42.6	-9.12	0.765	-2.438
42.65	-8.82	0.261	-2.261
42.7	-8.78	0.186	-1.987
42.75	-8.85	0.658	-1.937
42.8	-9.42	0.276	-1.827
42.85	-9.16	0.553	-1.789
42.9	-9.44	0.488	-1.697
42.95	-9.27	0.38	-1.735
43	-9.16	0.581	-1.723
43.05	-8.8	0.872	-1.949
43.1	-8.33	0.909	-2.094
43.15	-8.76	0.838	-2.177
43.2	-8.86	0.615	-1.871
43.25	-8.78	0.523	-1.754
43.3	-8.95	0.627	-1.762
43.35	-9.07	0.578	-1.705
43.4	-9.11	0.768	-1.722
43.45	-8.97	0.959	-1.704
43.5	-9.27	0.904	-1.727
43.55	-8.92	0.696	-2.012
43.6	-8.66	0.774	-2.014
43.65	-8.94	0.62	-1.939
43.7	-8.67	0.69	-1.993
43.75	-8.84	0.712	-2.173
43.8	-8.79	0.474	-2.263
43.85	-8.88	0.507	-2.226
43.9	-8.7	0.607	-2.059
43.95	-8.91	0.613	-1.803
44	-9.63	0.164	-1.498
44.05	-8.96	0.366	-1.783
44.1	-9.11	0.32	-1.779
44.15	-8.69	0.425	-2.136
44.2	-8.43	0.609	-2.162
44.25	-8.53	0.437	-2.024
44.3	-8.8	0.347	-1.717
44.35	-8.5	0.578	-1.865
44.4	-8.46	0.374	-2.072
44.45	-8.4	0.266	-1.996
44.5	-8.45	-0.031	-2.204
44.55	-8.18	0.247	-2.383
44.6	-8.2	-0.123	-2.068
44.65	-7.712	-0.313	-2.017
44.7	-8.49	-0.257	-1.03
44.75	-8.8	-0.779	-1.778
44.8	-8.62	-1.218	-1.498
44.85	-9.25	-0.646	-1.569
44.9	-8.82	-0.74	-1.752
44.95	-9.27	-0.477	-1.83
45	-8.99	-0.686	-1.929
45.05	-8.57	-0.364	-1.812
45.1	-9.38	-0.182	-1.654
45.15	-9.45	-0.029	-1.76
45.2	-9.08	0.157	-1.892
45.25	-9.87	0.344	-1.988
45.3	-10.08	0.215	-1.63
45.35	-9.74	-0.087	-1.906
45.4	-9.4	-0.191	-1.706
45.45	-10.05	-0.313	-1.661
45.5	-9.22	0.07	-1.922
45.55	-9.91	0.453	-1.788
45.6	-9	0.589	-1.968
45.65	-9.39	1.066	-1.941
45.7	-9.69	0.805	-2.175
45.75	-9.67	0.672	-2.153
45.8	-9.63	0.216	-2.33
45.85	-9.39	0.601	-2.297
45.9	-9.49	0.668	-2.403
45.95	-9.44	0.283	-1.867
46	-9.84	0.119	-1.913
46.05	-9.63	0.453	-1.875
46.1	-9.76	0.075	-2.054
46.15	-9.75	0.203	-2.048
46.2	-9.98	0.132	-2.232
46.25	-9.99	0.229	-2.394
46.3	-9.85	0.49	-2.261
46.35	-10.08	0.035	-2.006
46.4	-10.05	0.289	-1.98
46.45	-10.67	0.257	-1.935
46.5	-9.91	-0.032	-2.272
46.55	-9.98	-0.085	-1.915
46.6	-10.03	-0.031	-1.837
46.65	-10.12	-0.185	-1.616
46.7	-10.02	-0.116	-1.35
46.75	-9.76	0.245	-1.502
46.8	-10.08	0.091	-1.929
46.85	-10.36	-0.221	-1.552
46.9	-10.34	-0.127	-1.761
46.95	-10.39	-0.579	-1.137
47	-10.25	-0.332	-1.218
47.05	-10.37	-0.448	-1.347
47.1	-10.53	-0.601	-1.388
47.15	-10.25	-0.064	-1.563
47.2	-10.24	-0.333	-1.725
47.25	-10.63	-0.456	-1.52
47.3	-10.3	-0.12	-1.604
47.35	-10.36	-0.241	-1.729
47.4	-10.24	-0.334	-1.658
47.45	-10.39	-0.456	-1.327
47.5	-10.63	-0.411	-1.289
47.55	-10.43	-0.212	-1.802
47.6	-10.43	-0.555	-1.847
47.65	-10.41	-0.386	-2.065
47.7	-10.23	-0.334	-1.68
47.75	-10.52	-0.573	-1.495
47.8	-10.27	-0.134	-1.584
47.85	-10.64	-0.382	-1.941
47.9	-10.61	-0.3	-1.936
47.95	-10.57	-0.408	-2.04
48	-10.55	-0.389	-2.098
48.05	-10.25	-0.342	-2.032
48.1	-10.45	-0.242	-1.876
48.15	-10.27	-0.402	-2.159
48.2	-10.31	-0.435	-2.011
48.25	-10.44	-0.57	-2.013
48.3	-10.5	-0.589	-1.975
48.35	-10.47	-0.695	-1.694
48.4	-9.87	-0.585	-1.678
48.45	-9.77	-0.673	-1.863
48.5	-9.86	-0.486	-2.066
48.55	-9.79	-0.646	-2.071
48.6	-9.85	-0.786	-1.929
48.65	-10.01	-0.739	-1.989
48.7	-9.88	-0.761	-2.092
48.75	-10.06	-0.841	-1.987
48.8	-10.3	-0.774	-2.055
48.85	-10.01	-0.863	-2.209
48.9	-10.2	-0.922	-1.86
48.95	-9.91	-0.743	-1.899
49	-9.59	-0.808	-1.876
49.05	-9.51	-0.876	-2.102
49.1	-9.73	-0.628	-2.129
49.15	-9.68	-0.962	-2.038
49.2	-10.28	-0.687	-2.101
49.25	-10.2	-0.732	-1.645
49.3	-10.72	-1.355	-1.775
49.35	-10.5	-1.325	-1.842
49.4	-10.23	-1.048	-1.988
49.45	-10.02	-0.862	-1.976
49.5	-10.44	-0.855	-1.826
49.55	-9.89	-1.322	-2.151
49.6	-10.11	-1.296	-1.879
49.65	-9.73	-1.18	-1.636
49.7	-9.76	-1.132	-1.607
49.75	-9.68	-1.162	-1.466
49.8	-9.61	-0.753	-1.511
49.85	-9.85	-0.842	-1.412
49.9	-9.48	-0.487	-1.671
49.95	-9.85	-0.795	-1.399
50	-9.8	-1.548	-1.399
50.05	-9.31	-1.939	-1.801
50.1	-9.29	-1.825	-2.159
50.15	-8.83	-2.045	-1.851
50.2	-9.28	-1.216	-1.495
50.25	-9.44	-1.368	-1.123
50.3	-9.6	-1.048	-0.654
50.35	-9.99	-1.032	-0.812
50.4	-10.06	-0.438	-0.67
50.45	-10.02	-0.558	-0.905
50.5	-9.69	-0.648	-0.651
50.55	-9.83	-0.412	-0.725
50.6	-9.56	-0.931	-1.026
50.65	-9.58	-0.701	-1.05
50.7	-9.62	-0.857	-0.691
50.75	-9.55	-0.656	-0.735
50.8	-9.95	-0.634	-0.883
50.85	-9.69	-0.724	-0.792
50.9	-9.57	-0.436	-0.855
50.95	-9.45	-0.424	-0.74
51	-9.42	-0.109	-0.917
51.05	-9.66	-0.605	-0.814
51.1	-9.65	-0.347	-0.714
51.15	-9.58	-0.425	-0.45
51.2	-9.58	-0.313	-0.454
51.25	-9.62	0.165	-0.206
51.3	-9.67	0.018	-0.354
51.35	-9.94	-0.031	-0.163
51.4	-9.8	-0.289	-0.029
51.45	-9.91	-0.245	-0.455
51.5	-9.38	-0.183	-0.708
51.55	-9.04	-0.203	-0.508
51.6	-9.63	-0.16	-0.279
51.65	-9.71	-0.018	-0.552
51.7	-9.74	-0.15	-0.728
51.75	-9.47	-0.356	-0.042
51.8	-9.68	-0.195	-0.456
51.85	-9.63	0.093	-0.588
51.9	-9.48	-0.049	-0.644
51.95	-9.48	0.1	-0.905
52	-9.04	0	-1.515
52.05	-9.43	-0.26	-1.313
52.1	-9.36	-0.002	-1.353
52.15	-9.16	0.059	-1.535
52.2	-9.27	-0.273	-1.667
52.25	-9.23	-0.16	-1.682
52.3	-9.6	-0.336	-1.712
52.35	-9.51	-0.299	-1.647
52.4	-8.97	-0.251	-1.843
52.45	-8.97	-0.311	-1.815
52.5	-8.91	0.103	-1.802
52.55	-8.83	-0.052	-1.771
52.6	-8.51	-0.112	-1.644
52.65	-8.4	-0.309	-1.624
52.7	-9.33	-0.667	-1.132
52.75	-9.2	-0.028	-1.706
52.8	-9.16	-0.03	-1.738
52.85	-9.09	0.021	-1.316
52.9	-9.22	0.276	-1.173
52.95	-9.58	0.257	-0.81
53	-9.93	0.38	-0.945
53.05	-9.6	0.148	-1.213
53.1	-9.5	-0.031	-1.515
53.15	-9.66	0.044	-1.511
53.2	-9.39	-0.026	-1.408
53.25	-9.13	0.26	-1.297
53.3	-9.12	-0.563	-1.545
53.35	-8.96	-0.205	-1.548
53.4	-8.82	-0.125	-1.44
53.45	-9.3	-0.385	-1.374
53.5	-8.97	-0.196	-1.572
53.55	-8.91	-0.297	-1.476
53.6	-9.15	-0.684	-1.696
53.65	-8.79	-0.603	-1.829
53.7	-8.82	-0.639	-1.81
53.75	-8.78	-0.727	-1.821
53.8	-9.28	-0.587	-1.677
53.85	-9.33	-0.7	-1.906
53.9	-9.25	-0.784	-1.664
53.95	-9.15	-0.844	-1.567
54	-8.93	-0.93	-1.841
54.05	-8.7	-1.016	-1.797
54.1	-8.87	-0.485	-2.115
54.15	-8.94	-0.539	-2.301
54.2	-9.09	-0.515	-1.694
54.25	-9.38	-0.815	-1.592
54.3	-9.27	-0.736	-1.874
54.35	-9.43	-0.578	-1.871
54.4	-8.98	-0.497	-2.133
54.45	-9	-0.562	-1.855
54.5	-9.5	-0.656	-1.747
54.55	-9.34	-0.664	-1.723
54.6	-9.31	-0.698	-1.824
54.65	-9.08	-0.809	-1.684
54.7	-9.18	-0.739	-1.786
54.75	-9.38	-0.914	-1.757
54.8	-9.23	-1.097	-1.773
54.85	-8.46	-0.698	-1.921
54.9	-8.85	-1.097	-1.805
54.95	-8.9	-0.589	-1.74
55	-9.09	-0.486	-2.03
55.05	-9.01	-0.801	-2.186
55.1	-9.06	-0.321	-1.649
55.15	-8.94	-0.365	-1.563
55.2	-8.74	-0.243	-1.61
55.25	-8.85	-0.131	-1.477
55.3	-8.53	0.045	-1.547
55.35	-8.32	-0.439	-1.604
55.4	-8.42	-0.657	-1.688
55.45	-8.39	-0.719	-1.626
55.5	-8.15	-0.568	-1.953
55.55	-8.26	-0.787	-1.752
55.6	-8.11	-0.638	-1.633
55.65	-8.14	-0.683	-1.596
55.7	-8.24	-0.969	-1.555
55.75	-8.2	-0.558	-1.409
55.8	-8.1	-0.788	-1.492
55.85	-7.958	-0.705	-1.641
55.9	-7.911	-0.561	-1.611
55.95	-8.1	-0.681	-1.833
56	-8.49	-0.696	-1.9
56.05	-8.53	-0.739	-2.122
56.1	-8.3	-1.055	-2.005
56.15	-8.11	-0.437	-1.934
56.2	-8.12	-0.471	-2.04
56.25	-8.33	-0.674	-2.029
56.3	-8.54	-0.555	-1.788
56.35	-8.68	-0.84	-1.813
56.4	-8.7	-1.066	-1.831
56.45	-8.47	-1.085	-1.458
56.5	-8.77	-0.754	-1.378
56.55	-8.71	-0.972	-1.456
56.6	-8.7	-0.936	-1.379
56.65	-8.94	-0.888	-1.481
56.7	-8.75	-0.898	-1.617
56.75	-8.75	-0.807	-1.472
56.8	-9.03	-0.66	-1.499
56.85	-8.62	-0.744	-1.651
56.9	-8.94	-1.068	-1.434
56.95	-8.89	-0.822	-1.535
57	-8.45	-0.687	-1.684
57.05	-8.66	-0.776	-1.71
57.1	-8.71	-0.663	-1.546
57.15	-8.68	-0.559	-1.644
57.2	-8.84	-1.084	-1.399
57.25	-8.84	-1.45	-1.1
57.3	-8.99	-1.481	-0.728
57.35	-8.41	-0.964	-1.06
57.4	-8.6	-1.308	-0.814
57.45	-8.71	-1.277	-0.695
57.5	-8.13	-1.419	-0.649
57.55	-8.24	-1.346	-0.68
57.6	-8.34	-1.417	-0.609
57.65	-8.22	-1.611	-0.609
57.7	-8.56	-1.509	-0.745
57.75	-8.22	-1.713	-0.796
57.8	-8.69	-1.686	-0.796
57.85	-8.49	-1.548	-0.731
57.9	-8.74	-1.613	-0.697
57.95	-8.51	-1.58	-0.558
58	-8.57	-1.701	-0.677
58.05	-8.5	-1.623	-0.574
58.1	-8.21	-1.801	-0.374
58.15	-8.13	-1.53	-0.161
58.2	-7.856	-1.119	-0.061
58.25	-7.959	-1.286	-0.126
58.3	-8.16	-1.334	-0.376
58.35	-8.22	-0.749	-0.447
58.4	-7.979	-0.538	-0.597
58.45	-8.46	-0.508	-0.476
58.5	-8.41	-0.747	-0.949
58.55	-8.37	-0.832	-1.145
58.6	-8.42	-0.804	-1.366
58.65	-8.49	-0.517	-1.392
58.7	-8.62	-0.293	-1.183
58.75	-8.41	-0.424	-1.505
58.8	-8.6	0.045	-1.459
58.85	-8.56	-0.705	-1.596
58.9	-8.58	-0.676	-1.343
58.95	-8.74	-0.44	-1.131
59	-8.47	-0.388	-1.101
59.05	-8.39	-0.544	-1.235
59.1	-8.6	-0.296	-1.338
59.15	-8.76	-0.302	-1.226
59.2	-8.76	-0.118	-1.208
59.25	-7.967	-0.054	-1.237
59.3	-7.73	-0.414	-1.085
59.35	-7.814	-0.63	-0.781
59.4	-8.09	-0.567	-0.731
59.45	-9.08	-0.266	-0.438
59.5	-8.51	-0.656	-0.921
59.55	-8.83	-1.026	-0.621
59.6	-8.51	-0.463	-0.866
59.65	-8.6	-0.728	-1.136
59.7	-8.6	-1.096	-0.896
59.75	-8.5	-0.723	-0.978
59.8	-8.25	-0.818	-1.113
59.85	-8.09	-0.974	-0.935
59.9	-8.12	-1.295	-0.976
59.95	-8.11	-1.435	-0.927
